Model Evaluation Metrics
========================
Accuracy : 0.6258
Precision: 0.6446
Recall   : 0.6258
F1-score : 0.6013

Classification Report:
              precision    recall  f1-score   support

           0     0.6914    0.6590    0.6748      1258
           1     0.7407    0.1905    0.3030       105
           2     0.7087    0.7447    0.7262      1359
           3     0.4363    0.7274    0.5455       532
           4     0.5263    0.0469    0.0862       213
           5     0.3333    0.0254    0.0472       118
           6     0.2333    0.1014    0.1414       207
           7     1.0000    0.0214    0.0420       140
           8     0.5402    0.8614    0.6640       570
           9     0.8424    0.5914    0.6950       678
          10     0.7101    0.6737    0.6914       429
          11     0.5386    0.7727    0.6348       352
          12     0.5906    0.5952    0.5929       252

    accuracy                         0.6258      6213
   macro avg     0.6071    0.4624    0.4496      6213
weighted avg     0.6446    0.6258    0.6013      6213
